1610612737,Atlanta Hawks,82,60,22,0.732000,48.1,38.100000,81.700000,0.466,10.000000,26.200000,0.38,16.500000,21.200000,0.778,8.700000,31.800000,40.600000,25.700000,14.2000000000000000000000,9.100000,4.600000,4.900000,17.800000,19.600000,102.500000,5.4000000000000000000000,1,2,2,2,26,10,27,4,5,7,2,19,24,5,30,22,28,2,16,5,15,18,1,20,10,4,10,Atlanta Hawks
1610612738,Boston Celtics,82,40,42,0.488000,48.5,38.900000,87.900000,0.443,8.000000,24.600000,0.327,15.400000,20.500000,0.754,11.100000,32.700000,43.800000,24.500000,13.8000000000000000000000,8.200000,3.600000,5.300000,21.200000,18.800000,101.400000,0.2000000000000000000000,1,16,16,16,8,5,1,21,13,13,27,28,27,14,12,11,13,4,10,8,30,21,20,26,13,18,10,Boston Celtics
1610612751,Brooklyn Nets,82,38,44,0.463000,48.6,37.400000,83.000000,0.451,6.600000,19.900000,0.331,16.600000,22.200000,0.748,10.300000,32.000000,42.400000,20.900000,13.8000000000000000000000,7.000000,4.100000,4.500000,19.300000,20.000000,98.000000,-2.9000000000000000000000,1,18,18,18,3,18,17,16,24,20,26,18,18,20,24,17,22,20,10,23,25,11,11,18,21,22,10,Brooklyn Nets
1610612766,Charlotte Hornets,82,33,49,0.402000,48.5,35.500000,84.500000,0.42,6.100000,19.100000,0.318,17.000000,22.800000,0.748,10.000000,34.100000,44.100000,20.200000,11.9000000000000000000000,6.100000,5.500000,5.400000,18.200000,20.800000,94.200000,-3.2000000000000000000000,1,22,22,22,6,26,10,29,26,24,30,13,15,19,26,6,10,28,1,30,7,23,2,9,28,23,10,Charlotte Hornets
1610612741,Chicago Bulls,82,50,32,0.610000,48.5,36.600000,82.900000,0.442,7.900000,22.300000,0.353,19.700000,25.200000,0.783,11.700000,34.000000,45.700000,21.700000,14.0000000000000000000000,6.300000,5.800000,5.400000,18.200000,21.200000,100.800000,3.0000000000000000000000,1,9,9,9,8,23,18,22,15,16,10,3,4,3,6,7,3,14,12,28,5,25,4,6,15,10,10,Chicago Bulls
1610612739,Cleveland Cavaliers,82,53,29,0.646000,48.2,37.700000,82.200000,0.458,10.100000,27.500000,0.367,17.700000,23.600000,0.751,11.100000,31.900000,43.000000,22.100000,14.3000000000000000000000,7.400000,4.100000,4.500000,18.400000,20.500000,103.100000,4.5000000000000000000000,1,7,7,7,23,15,24,8,4,2,5,9,12,18,11,21,18,10,17,19,25,10,5,11,8,5,10,Cleveland Cavaliers
1610612742,Dallas Mavericks,82,50,32,0.610000,48.5,39.700000,85.800000,0.463,8.900000,25.400000,0.352,16.900000,22.500000,0.752,10.500000,31.800000,42.300000,22.500000,13.0000000000000000000000,8.100000,4.500000,3.800000,20.000000,22.100000,105.200000,2.9000000000000000000000,1,9,9,9,8,2,8,5,7,8,13,15,16,16,20,23,23,8,4,10,20,4,15,2,3,11,10,Dallas Mavericks
1610612743,Denver Nuggets,82,30,52,0.366000,48.5,37.800000,87.300000,0.433,8.000000,24.800000,0.325,17.800000,24.300000,0.734,12.300000,32.400000,44.700000,21.800000,14.2000000000000000000000,7.800000,4.500000,6.100000,23.000000,20.700000,101.500000,-3.5000000000000000000000,1,24,24,24,8,13,2,26,13,12,28,8,8,24,3,12,7,13,15,14,21,29,30,10,12,24,10,Denver Nuggets
1610612765,Detroit Pistons,82,32,50,0.390000,48.4,37.100000,85.800000,0.432,8.600000,24.900000,0.344,15.800000,22.400000,0.703,12.800000,32.100000,44.900000,21.600000,13.4000000000000000000000,7.600000,4.700000,4.800000,19.000000,19.300000,98.500000,-1.0000000000000000000000,1,23,23,23,18,20,6,27,9,11,18,26,17,29,2,16,4,16,8,16,13,15,7,24,18,20,10,Detroit Pistons
1610612744,Golden State Warriors,82,67,15,0.817000,48.1,41.600000,87.000000,0.478,10.800000,27.000000,0.398,16.000000,20.800000,0.768,10.400000,34.300000,44.700000,27.400000,14.5000000000000000000000,9.300000,6.000000,3.600000,19.900000,18.800000,110.000000,10.1000000000000000000000,1,1,1,1,26,1,3,1,2,4,1,23,26,9,23,4,6,1,18,4,2,2,13,27,1,1,10,Golden State Warriors
1610612745,Houston Rockets,82,56,26,0.683000,48.3,37.000000,83.300000,0.444,11.400000,32.700000,0.348,18.600000,26.000000,0.715,11.700000,32.000000,43.700000,22.200000,16.7000000000000000000000,9.500000,5.000000,5.300000,22.000000,21.100000,103.900000,3.4000000000000000000000,1,3,3,3,20,21,12,20,1,1,14,5,2,27,7,18,14,9,28,3,10,22,27,7,6,7,10,Houston Rockets
1610612754,Indiana Pacers,82,38,44,0.463000,48.4,36.600000,83.200000,0.439,7.500000,21.200000,0.352,16.700000,22.200000,0.756,10.400000,34.400000,44.900000,21.400000,14.0000000000000000000000,6.200000,4.600000,4.700000,21.200000,21.400000,97.300000,0.3000000000000000000000,1,18,18,18,13,24,15,23,17,18,12,16,18,13,21,3,5,18,14,29,17,14,22,4,24,16,10,Indiana Pacers
1610612746,Los Angeles Clippers,82,56,26,0.683000,48.1,39.400000,83.300000,0.473,10.100000,26.900000,0.376,17.900000,25.200000,0.71,9.600000,33.100000,42.600000,24.800000,12.3000000000000000000000,7.800000,5.000000,3.000000,21.300000,21.500000,106.700000,6.6000000000000000000000,1,3,3,3,26,3,13,2,3,5,3,7,4,28,28,10,20,3,2,15,9,1,24,3,2,2,10,Los Angeles Clippers
1610612747,Los Angeles Lakers,82,21,61,0.256000,48.6,37.200000,85.600000,0.435,6.500000,18.900000,0.344,17.500000,23.600000,0.741,11.600000,32.300000,43.900000,20.900000,13.2000000000000000000000,7.000000,4.500000,4.800000,21.200000,19.400000,98.500000,-6.8000000000000000000000,1,27,27,27,3,19,9,25,25,25,17,12,11,23,8,13,12,21,5,22,22,17,21,23,19,27,10,Los Angeles Lakers
1610612763,Memphis Grizzlies,82,55,27,0.671000,48.5,37.800000,82.500000,0.458,5.200000,15.200000,0.339,17.600000,22.800000,0.773,10.400000,32.100000,42.600000,21.700000,13.3000000000000000000000,8.500000,4.200000,5.200000,19.100000,20.300000,98.300000,3.2000000000000000000000,1,5,5,5,6,14,23,9,29,29,22,10,14,7,21,15,21,15,7,6,24,20,9,15,20,8,10,Memphis Grizzlies
1610612748,Miami Heat,82,37,45,0.451000,48.1,35.200000,77.200000,0.456,6.800000,20.200000,0.335,17.500000,23.700000,0.741,9.100000,30.000000,39.100000,19.800000,14.8000000000000000000000,7.800000,4.500000,4.400000,20.000000,20.900000,94.700000,-2.6000000000000000000000,1,21,21,21,26,28,30,11,21,19,24,11,10,22,29,28,30,30,21,13,18,8,14,8,27,21,10,Miami Heat
1610612749,Milwaukee Bucks,82,41,41,0.500000,48.6,37.600000,82.000000,0.459,6.600000,18.300000,0.363,16.000000,21.100000,0.757,10.700000,31.400000,42.100000,23.600000,16.7000000000000000000000,9.600000,4.900000,4.800000,22.100000,20.100000,97.800000,0.4000000000000000000000,1,15,15,15,3,16,26,7,23,26,7,24,25,12,17,25,24,7,29,1,11,16,28,17,22,15,10,Milwaukee Bucks
1610612750,Minnesota Timberwolves,82,16,66,0.195000,48.3,36.400000,83.200000,0.438,5.000000,14.900000,0.332,20.000000,25.700000,0.776,11.600000,29.300000,40.900000,21.600000,15.0000000000000000000000,8.100000,4.000000,5.500000,19.200000,21.400000,97.800000,-8.8000000000000000000000,1,30,30,30,20,25,16,24,30,30,25,2,3,6,9,30,27,16,23,9,27,26,10,5,23,28,10,Minnesota Timberwolves
1610612740,New Orleans Pelicans,82,45,37,0.549000,48.2,37.900000,82.900000,0.457,7.100000,19.300000,0.37,16.400000,21.800000,0.751,11.500000,32.000000,43.500000,22.000000,13.3000000000000000000000,6.700000,6.200000,5.800000,18.700000,18.700000,99.400000,0.8000000000000000000000,1,13,13,13,23,11,19,10,19,23,4,20,20,17,10,19,16,11,6,25,1,28,6,29,16,13,10,New Orleans Pelicans
1610612752,New York Knicks,82,17,65,0.207000,48.4,35.100000,82.000000,0.428,6.800000,19.700000,0.347,14.800000,19.200000,0.769,10.600000,29.800000,40.400000,21.300000,14.7000000000000000000000,7.000000,4.700000,4.300000,21.600000,19.100000,91.900000,-9.3000000000000000000000,1,29,29,29,13,29,25,28,20,21,15,29,29,8,18,29,29,19,20,24,14,7,25,25,30,30,10,New York Knicks
1610612760,Oklahoma City Thunder,82,45,37,0.549000,48.4,38.800000,86.800000,0.447,7.700000,22.700000,0.339,18.600000,24.600000,0.754,12.800000,34.700000,47.500000,20.500000,14.7000000000000000000000,7.300000,5.500000,4.600000,22.300000,20.400000,104.000000,2.2000000000000000000000,1,13,13,13,18,6,4,18,16,14,23,6,6,15,1,2,1,25,19,21,6,12,29,12,5,12,10,Oklahoma City Thunder
1610612753,Orlando Magic,82,25,57,0.305000,48.2,37.500000,82.800000,0.453,6.800000,19.500000,0.347,13.900000,19.100000,0.729,10.000000,31.800000,41.800000,20.600000,14.9000000000000000000000,7.900000,3.800000,5.400000,20.900000,17.900000,95.700000,-5.7000000000000000000000,1,26,26,26,25,17,20,14,22,22,16,30,30,25,25,24,25,23,22,12,29,24,19,30,25,26,10,Orlando Magic
1610612755,Philadelphia 76ers,82,18,64,0.220000,48.3,33.700000,82.600000,0.408,8.400000,26.300000,0.32,16.100000,23.800000,0.676,11.900000,30.900000,42.900000,20.500000,17.7000000000000000000000,9.600000,5.900000,5.500000,21.700000,20.200000,92.000000,-9.0000000000000000000000,1,28,28,28,20,30,22,30,11,6,29,22,9,30,5,26,19,24,30,1,4,27,26,16,29,29,10,Philadelphia 76ers
1610612756,Phoenix Suns,82,39,43,0.476000,48.5,38.800000,85.800000,0.452,8.500000,25.000000,0.341,16.400000,21.500000,0.76,10.900000,32.200000,43.200000,20.200000,15.1000000000000000000000,8.500000,4.700000,4.100000,21.300000,20.300000,102.400000,-0.9000000000000000000000,1,17,17,17,8,7,6,15,10,10,21,21,21,11,13,14,17,27,25,6,12,5,23,14,11,19,10,Phoenix Suns
1610612757,Portland Trail Blazers,82,51,31,0.622000,48.4,38.700000,86.000000,0.45,9.800000,27.200000,0.362,15.500000,19.400000,0.801,10.700000,35.100000,45.900000,21.900000,13.6000000000000000000000,6.400000,4.500000,3.600000,18.200000,18.700000,102.800000,4.2000000000000000000000,1,8,8,8,13,8,5,17,6,3,8,27,28,1,16,1,2,12,9,27,18,3,2,28,9,6,10,Portland Trail Blazers
1610612758,Sacramento Kings,82,29,53,0.354000,48.4,36.700000,80.700000,0.455,5.600000,16.500000,0.341,22.300000,29.300000,0.762,10.900000,33.300000,44.200000,20.300000,16.3000000000000000000000,6.700000,4.000000,6.200000,20.700000,23.900000,101.300000,-3.7000000000000000000000,1,25,25,25,13,22,28,13,28,28,20,1,1,10,14,9,9,26,27,26,28,30,16,1,14,25,10,Sacramento Kings
1610612759,San Antonio Spurs,82,55,27,0.671000,48.7,39.100000,83.600000,0.468,8.300000,22.500000,0.367,16.700000,21.400000,0.78,9.800000,33.800000,43.600000,24.400000,14.0000000000000000000000,8.000000,5.400000,4.400000,19.100000,19.700000,103.200000,6.2000000000000000000000,1,5,5,5,1,4,11,3,12,15,6,17,23,4,27,8,15,5,13,11,8,9,8,19,7,3,10,San Antonio Spurs
1610612761,Toronto Raptors,82,49,33,0.598000,48.4,37.900000,83.300000,0.455,8.900000,25.100000,0.352,19.300000,24.600000,0.787,10.700000,30.800000,41.500000,20.700000,12.9000000000000000000000,7.500000,4.400000,5.000000,20.900000,20.300000,104.000000,3.1000000000000000000000,1,11,11,11,13,11,14,12,8,9,11,4,7,2,15,27,26,22,3,18,23,19,18,13,4,9,10,Toronto Raptors
1610612762,Utah Jazz,82,38,44,0.463000,48.1,35.400000,79.200000,0.447,7.400000,21.700000,0.343,17.000000,23.500000,0.721,12.000000,31.900000,44.000000,19.900000,15.3000000000000000000000,7.600000,6.000000,4.700000,19.300000,19.600000,95.100000,0.2000000000000000000000,1,18,18,18,30,27,29,19,18,17,19,14,13,26,4,20,11,29,26,16,3,13,12,22,26,17,10,Utah Jazz
1610612764,Washington Wizards,82,46,36,0.561000,48.7,38.300000,82.800000,0.462,6.100000,16.800000,0.36,15.900000,21.400000,0.742,10.500000,34.200000,44.700000,24.000000,15.0000000000000000000000,7.300000,4.600000,4.300000,20.800000,19.600000,98.500000,0.7000000000000000000000,1,12,12,12,1,9,21,6,27,27,9,25,22,21,19,5,8,6,24,20,16,6,17,21,17,14,10,Washington Wizards